# Created by Octave 3.8.2, Fri Dec 19 09:50:12 2014 JST <jsnuverink@ma88-247.kek.jp>
# name: BPMX0
# type: matrix
# rows: 24
# columns: 1
 -132.626422896148
 206.6644683352075
 52.17174746686273
 54.01393462683977
 44.19775059902758
 441.8418681594342
 -383.2895863187664
 75.92092935514451
 154.5906730566047
 -68.20823988495313
 -19.23096198121171
 87.46190051242652
 -120.9628254064061
 298.9625925220062
 686.9517382252385
 79.11813585593505
 105.2817712538805
 10.64317331956896
 54.09113825340605
 -284.1651664741673
 277.4320015791033
 138.9254452116383
 357.6983582003182
 78.62799547398789


# name: BPMY0
# type: matrix
# rows: 24
# columns: 1
 196.0116351037252
 120.2399567201535
 32.95667378672399
 25.9886494463011
 -2.501853812658697
 43.54242934575436
 57.71483817758806
 -152.318008207561
 -18.74233297797377
 -215.0924041338131
 111.9966113749918
 78.34453932144976
 -88.01841450227965
 -125.5793165767792
 -44.43640848166731
 -25.92303051007432
 -43.10003028757161
 -169.7961938664365
 56.63327025258523
 58.65880346908551
 67.36501148445998
 182.6526918055897
 145.0815151781244
 151.6572080908977


